kinematics:
  shoulder:
    x: 0
    y: 0
    z: 0.1279692646022423
    roll: -0
    pitch: 0
    yaw: -4.485143511756216e-05
  upper_arm:
    x: 2.034280606525867e-05
    y: 0
    z: 0
    roll: 1.570649281906469
    pitch: 0
    yaw: -0.0001031308826332379
  forearm:
    x: -0.6123978412490865
    y: 0
    z: 0
    roll: 3.134395839442516
    pitch: 3.140051859029465
    yaw: -3.141533648859944
  wrist_1:
    x: -0.5709680699391139
    y: 0.0007040317768241635
    z: 0.1637968116757769
    roll: 3.137294478099593
    pitch: 3.140032466505887
    yaw: -3.141557741642095
  wrist_2:
    x: 0.0001433876642678581
    y: -0.1158519458150412
    z: -0.0002030210599040357
    roll: 1.572548743214425
    pitch: 0
    yaw: -1.560579982015312e-05
  wrist_3:
    x: -0.0002365648465389469
    y: 0.09238826876729725
    z: -0.000161357071251325
    roll: 1.569049818181388
    pitch: 3.141592653589793
    yaw: -3.141574846008195
  hash: calib_11361769970729132579